[[ -1, 1, 2, 3, 4, 24, 8, 9, 3, 4, 5, 25, 14, 15, 9, 10, 12, 11, 6, 12, 17, 6, 6, 5, 11, 18,],
[ 2, -1, 2, 3, 4, 24, 8, 9, 3, 9, 5, 25, 14, 15, 9, 10, 12, 11, 6, 12, 17, 6, 6, 5, 11, 18,],
[ 2, 3, -1, 3, 4, 24, 8, 9, 3, 4, 10, 25, 14, 15, 9, 10, 12, 11, 6, 12, 17, 6, 6, 5, 11, 18,],
[ 2, 3, 4, -1, 4, 24, 8, 9, 3, 4, 5, 25, 14, 15, 9, 10, 12, 11, 6, 12, 17, 6, 6, 5, 11, 18,],
[ 2, 3, 4, 5, -1, 24, 8, 9, 10, 4, 5, 25, 14, 15, 9, 10, 12, 11, 6, 12, 17, 6, 6, 5, 11, 18,],
[ 2, 3, 4, 5, 24, -1, 8, 9, 10, 11, 5, 6, 14, 15, 9, 10, 12, 11, 6, 12, 17, 6, 6, 6, 12, 17,],
[ 2, 3, 9, 10, 11, 24, -1, 7, 8, 9, 10, 25, 14, 15, 9, 10, 12, 11, 6, 12, 17, 6, 6, 5, 11, 18,],
[ 2, 3, 9, 10, 11, 24, 8, -1, 8, 9, 10, 25, 14, 15, 9, 10, 12, 11, 6, 12, 17, 6, 6, 5, 11, 18,],
[ 2, 3, 9, 3, 11, 24, 8, 9, -1, 9, 10, 25, 14, 15, 9, 10, 12, 11, 6, 12, 17, 6, 6, 5, 11, 18,],
[ 2, 3, 4, 10, 4, 24, 8, 9, 10, -1, 10, 25, 14, 15, 9, 10, 12, 11, 6, 12, 17, 6, 6, 5, 11, 18,],
[ 2, 3, 4, 5, 11, 24, 8, 9, 10, 11, -1, 25, 14, 15, 9, 10, 12, 11, 6, 12, 17, 6, 6, 5, 11, 18,],
[ 2, 3, 4, 5, 11, 12, 8, 9, 10, 11, 25, -1, 14, 15, 9, 10, 12, 11, 6, 12, 17, 6, 6, 6, 12, 17,],
[ 2, 3, 9, 3, 4, 24, 8, 9, 15, 9, 10, 25, -1, 13, 14, 15, 12, 16, 6, 12, 17, 6, 6, 5, 11, 18,],
[ 2, 3, 9, 3, 4, 24, 8, 9, 15, 9, 10, 25, 14, -1, 14, 15, 12, 16, 6, 12, 17, 6, 6, 5, 11, 18,],
[ 2, 3, 9, 3, 4, 24, 8, 9, 15, 9, 10, 25, 14, 15, -1, 15, 12, 16, 6, 12, 17, 6, 6, 5, 11, 18,],
[ 2, 3, 4, 10, 4, 24, 8, 9, 10, 16, 10, 25, 14, 15, 16, -1, 12, 16, 6, 12, 17, 6, 6, 5, 11, 18,],
[ 2, 3, 4, 5, 11, 12, 8, 9, 10, 11, 25, 17, 14, 15, 9, 10, -1, 26, 6, 12, 17, 6, 6, 6, 12, 17,],
[ 2, 3, 4, 5, 11, 24, 8, 9, 10, 11, 18, 25, 14, 15, 16, 18, 26, -1, 6, 12, 17, 6, 6, 5, 11, 18,],
[ 2, 3, 4, 5, 24, 19, 8, 9, 10, 11, 5, 6, 14, 15, 9, 10, 12, 11, -1, 12, 17, 19, 19, 6, 12, 17,],
[ 2, 3, 4, 5, 11, 12, 8, 9, 10, 11, 25, 20, 14, 15, 9, 10, 12, 11, 6, -1, 17, 6, 6, 6, 12, 17,],
[ 2, 3, 4, 5, 11, 12, 8, 9, 10, 11, 25, 17, 14, 15, 9, 10, 21, 26, 6, 12, -1, 6, 6, 6, 12, 17,],
[ 2, 3, 4, 5, 24, 22, 8, 9, 10, 11, 5, 6, 14, 15, 9, 10, 12, 11, 22, 12, 17, -1, 22, 6, 12, 17,],
[ 2, 3, 4, 5, 24, 23, 8, 9, 10, 11, 5, 6, 14, 15, 9, 10, 12, 11, 23, 12, 17, 23, -1, 6, 12, 17,],
[ 2, 3, 4, 5, 24, 24, 8, 9, 10, 11, 5, 6, 14, 15, 9, 10, 12, 11, 6, 12, 17, 6, 6, -1, 11, 18,],
[ 2, 3, 4, 5, 11, 12, 8, 9, 10, 11, 25, 25, 14, 15, 9, 10, 12, 11, 6, 12, 17, 6, 6, 5, -1, 18,],
[ 2, 3, 4, 5, 11, 12, 8, 9, 10, 11, 18, 17, 14, 15, 16, 18, 26, 26, 6, 12, 17, 6, 6, 5, 11, -1,]]